﻿@relation RentalCost
@attribute Year real
@attribute mean real
@attribute bonds real
@attribute Enrollment real
@attribute GDP real
@attribute Population real
@attribute HouseValue real
@attribute changing_cost real
@attribute riseOrNot {0,1}
@data 
1993/1/1,172,11931,35575,3.898333333,?,416370.2547,0,0
1993/2/1,178,12169,35575,3.898333333,?,416370.2547,6,1
1993/3/1,181,12312,35575,3.898333333,?,416370.2547,3,1
1993/4/1,176,12484,35575,3.898333333,?,416370.2547,-5,0
1993/5/1,183,12620,35575,3.898333333,?,416370.2547,7,1
1993/6/1,180,12747,35575,3.898333333,?,416370.2547,-3,0
1993/7/1,180,12864,35575,3.898333333,?,416370.2547,0,0
1993/8/1,174,13059,35575,3.898333333,?,416370.2547,-6,0
1993/9/1,177,13157,35575,3.898333333,?,416370.2547,3,1
1993/10/1,175,13156,35575,3.898333333,?,416370.2547,-2,0
1993/11/1,173,13280,35575,3.898333333,?,416370.2547,-2,0
1993/12/1,184,13225,35575,3.898333333,?,416370.2547,11,1
1994/1/1,183,13242,35575,4.61,?,420122.4001,-1,0
1994/2/1,185,13449,35575,4.61,?,420122.4001,2,1
1994/3/1,185,13818,35575,4.61,?,420122.4001,0,0
1994/4/1,185,13868,35575,4.61,?,420122.4001,0,0
1994/5/1,179,13993,35575,4.61,?,420122.4001,-6,0
1994/6/1,182,14136,35575,4.61,?,420122.4001,3,1
1994/7/1,181,14204,35575,4.61,?,420122.4001,-1,0
1994/8/1,185,14425,35575,4.61,?,420122.4001,4,1
1994/9/1,188,14564,35575,4.61,?,420122.4001,3,1
1994/10/1,182,14625,35575,4.61,?,420122.4001,-6,0
1994/11/1,189,14580,35575,4.61,?,420122.4001,7,1
1994/12/1,187,14399,35575,4.61,?,420122.4001,-2,0
1995/1/1,190,14537,35575,5.326666667,?,423874.5455,3,1
1995/2/1,191,14587,35575,5.326666667,?,423874.5455,1,1
1995/3/1,192,14927,35575,5.326666667,?,423874.5455,1,1
1995/4/1,188,14862,35575,5.326666667,?,423874.5455,-4,0
1995/5/1,195,15140,35575,5.326666667,?,423874.5455,7,1
1995/6/1,194,15178,35575,5.326666667,?,423874.5455,-1,0
1995/7/1,193,15324,35575,5.326666667,?,423874.5455,-1,0
1995/8/1,192,15375,35575,5.326666667,?,423874.5455,-1,0
1995/9/1,196,15496,35575,5.326666667,?,423874.5455,4,1
1995/10/1,195,15628,35575,5.326666667,?,423874.5455,-1,0
1995/11/1,198,15561,35575,5.326666667,?,423874.5455,3,1
1995/12/1,204,15406,35575,5.326666667,?,423874.5455,6,1
1996/1/1,205,15468,35575,5.845,?,426900,1,1
1996/2/1,208,15924,35575,5.845,?,426900,3,1
1996/3/1,206,16021,35575,5.845,?,426900,-2,0
1996/4/1,204,16062,35575,5.845,?,426900,-2,0
1996/5/1,212,16327,35575,5.845,?,426900,8,1
1996/6/1,210,16407,35575,5.845,?,426900,-2,0
1996/7/1,209,16496,35575,5.845,?,426900,-1,0
1996/8/1,212,16621,35575,5.845,?,426900,3,1
1996/9/1,209,16810,35575,5.845,?,426900,-3,0
1996/10/1,216,16952,35575,5.845,?,426900,7,1
1996/11/1,219,16992,35575,5.845,?,426900,3,1
1996/12/1,225,16955,35575,5.845,?,426900,6,1
1997/1/1,215,17074,36129.15,5.505833333,?,432354.8109,-10,0
1997/2/1,222,17314,36129.15,5.505833333,?,432354.8109,7,1
1997/3/1,221,17483,36129.15,5.505833333,?,432354.8109,-1,0
1997/4/1,224,17699,36129.15,5.505833333,?,432354.8109,3,1
1997/5/1,221,17701,36129.15,5.505833333,?,432354.8109,-3,0
1997/6/1,227,17913,36129.15,5.505833333,?,432354.8109,6,1
1997/7/1,222,18039,36129.15,5.505833333,?,432354.8109,-5,0
1997/8/1,222,18107,36129.15,5.505833333,?,432354.8109,0,0
1997/9/1,224,18342,36129.15,5.505833333,?,432354.8109,2,1
1997/10/1,219,18464,36129.15,5.505833333,?,432354.8109,-5,0
1997/11/1,226,18490,36129.15,5.505833333,?,432354.8109,7,1
1997/12/1,227,18515,36129.15,5.505833333,?,432354.8109,1,1
1998/1/1,228,18685,36129.15,4.685833333,?,435964.8739,1,1
1998/2/1,230,18899,36129.15,4.685833333,?,435964.8739,2,1
1998/3/1,236,19309,36129.15,4.685833333,?,435964.8739,6,1
1998/4/1,232,19372,36129.15,4.685833333,?,435964.8739,-4,0
1998/5/1,231,19430,36129.15,4.685833333,?,435964.8739,-1,0
1998/6/1,228,19584,36129.15,4.685833333,?,435964.8739,-3,0
1998/7/1,234,19732,36129.15,4.685833333,?,435964.8739,6,1
1998/8/1,225,19832,36129.15,4.685833333,?,435964.8739,-9,0
1998/9/1,229,19954,36129.15,4.685833333,?,435964.8739,4,1
1998/10/1,230,19994,36129.15,4.685833333,?,435964.8739,1,1
1998/11/1,228,20107,36129.15,4.685833333,?,435964.8739,-2,0
1998/12/1,227,20054,36129.15,4.685833333,?,435964.8739,-1,0
1999/1/1,236,20000,36129.15,4.896666667,?,439574.937,9,1
1999/2/1,241,20398,36129.15,4.896666667,?,439574.937,5,1
1999/3/1,234,20620,36129.15,4.896666667,?,439574.937,-7,0
1999/4/1,231,20878,36129.15,4.896666667,?,439574.937,-3,0
1999/5/1,233,21032,36129.15,4.896666667,?,439574.937,2,1
1999/6/1,229,21124,36129.15,4.896666667,?,439574.937,-4,0
1999/7/1,236,21205,36129.15,4.896666667,?,439574.937,7,1
1999/8/1,233,21421,36129.15,4.896666667,?,439574.937,-3,0
1999/9/1,237,21565,36129.15,4.896666667,?,439574.937,4,1
1999/10/1,231,21529,36129.15,4.896666667,?,439574.937,-6,0
1999/11/1,244,21592,36129.15,4.896666667,?,439574.937,13,1
1999/12/1,233,21452,36129.15,4.896666667,?,439574.937,-11,0
2000/1/1,243,21634,36129.15,4.385,?,443185,10,1
2000/2/1,249,22067,36129.15,4.385,?,443185,6,1
2000/3/1,241,22338,36129.15,4.385,?,443185,-8,0
2000/4/1,224,22510,36129.15,4.385,?,443185,-17,0
2000/5/1,230,22701,36129.15,4.385,?,443185,6,1
2000/6/1,239,22769,36129.15,4.385,?,443185,9,1
2000/7/1,238,22757,36129.15,4.385,?,443185,-1,0
2000/8/1,234,22835,36129.15,4.385,?,443185,-4,0
2000/9/1,231,22805,36129.15,4.385,?,443185,-3,0
2000/10/1,239,23044,36129.15,4.385,?,443185,8,1
2000/11/1,231,22920,36129.15,4.385,?,443185,-8,0
2000/12/1,238,22794,36129.15,4.385,?,443185,7,1
2001/1/1,241,22956,36683.33333,4.489166667,?,440200,3,1
2001/2/1,251,23230,36683.33333,4.489166667,?,440200,10,1
2001/3/1,246,23541,36683.33333,4.489166667,?,440200,-5,0
2001/4/1,244,23784,36683.33333,4.489166667,?,440200,-2,0
2001/5/1,238,23881,36683.33333,4.489166667,?,440200,-6,0
2001/6/1,224,24237,36683.33333,4.489166667,?,440200,-14,0
2001/7/1,238,24409,36683.33333,4.489166667,?,440200,14,1
2001/8/1,240,24550,36683.33333,4.489166667,?,440200,2,1
2001/9/1,242,24678,36683.33333,4.489166667,?,440200,2,1
2001/10/1,236,24737,36683.33333,4.489166667,?,440200,-6,0
2001/11/1,244,24774,36683.33333,4.489166667,?,440200,8,1
2001/12/1,240,24533,36683.33333,4.489166667,?,440200,-4,0
2002/1/1,250,24519,37770.83333,5.5525,?,452792.8571,10,1
2002/2/1,260,24913,37770.83333,5.5525,?,452792.8571,10,1
2002/3/1,253,25154,37770.83333,5.5525,?,452792.8571,-7,0
2002/4/1,227,25654,37770.83333,5.5525,?,452792.8571,-26,0
2002/5/1,247,25865,37770.83333,5.5525,?,452792.8571,20,1
2002/6/1,244,25909,37770.83333,5.5525,?,452792.8571,-3,0
2002/7/1,248,25896,37770.83333,5.5525,?,452792.8571,4,1
2002/8/1,245,25791,37770.83333,5.5525,?,452792.8571,-3,0
2002/9/1,246,26067,37770.83333,5.5525,?,452792.8571,1,1
2002/10/1,242,26085,37770.83333,5.5525,?,452792.8571,-4,0
2002/11/1,253,25738,37770.83333,5.5525,?,452792.8571,11,1
2002/12/1,251,25821,37770.83333,5.5525,?,452792.8571,-2,0
2003/1/1,256,25690,37770.83333,7.354166667,?,456085.7143,5,1
2003/2/1,270,26516,37770.83333,7.354166667,?,456085.7143,14,1
2003/3/1,269,26673,37770.83333,7.354166667,?,456085.7143,-1,0
2003/4/1,257,26848,37770.83333,7.354166667,?,456085.7143,-12,0
2003/5/1,243,27384,37770.83333,7.354166667,?,456085.7143,-14,0
2003/6/1,257,27319,37770.83333,7.354166667,?,456085.7143,14,1
2003/7/1,257,27727,37770.83333,7.354166667,?,456085.7143,0,0
2003/8/1,243,27979,37770.83333,7.354166667,?,456085.7143,-14,0
2003/9/1,248,28157,37770.83333,7.354166667,?,456085.7143,5,1
2003/10/1,263,28316,37770.83333,7.354166667,?,456085.7143,15,1
2003/11/1,258,28137,37770.83333,7.354166667,?,456085.7143,-5,0
2003/12/1,256,27929,37770.83333,7.354166667,?,456085.7143,-2,0
2004/1/1,269,28091,37770.83333,8.658333333,?,459378.5714,13,1
2004/2/1,286,28467,37770.83333,8.658333333,?,459378.5714,17,1
2004/3/1,280,28872,37770.83333,8.658333333,?,459378.5714,-6,0
2004/4/1,231,29410,37770.83333,8.658333333,?,459378.5714,-49,0
2004/5/1,266,29576,37770.83333,8.658333333,?,459378.5714,35,1
2004/6/1,264,29862,37770.83333,8.658333333,?,459378.5714,-2,0
2004/7/1,267,29730,37770.83333,8.658333333,?,459378.5714,3,1
2004/8/1,274,29889,37770.83333,8.658333333,?,459378.5714,7,1
2004/9/1,268,30012,37770.83333,8.658333333,?,459378.5714,-6,0
2004/10/1,269,30061,37770.83333,8.658333333,?,459378.5714,1,1
2004/11/1,271,29955,37770.83333,8.658333333,?,459378.5714,2,1
2004/12/1,270,29757,37770.83333,8.658333333,?,459378.5714,-1,0
2005/1/1,280,29700,37770.83333,9.558333333,?,462671.4286,10,1
2005/2/1,295,29821,37770.83333,9.558333333,?,462671.4286,15,1
2005/3/1,291,30081,37770.83333,9.558333333,?,462671.4286,-4,0
2005/4/1,278,30286,37770.83333,9.558333333,?,462671.4286,-13,0
2005/5/1,240,30977,37770.83333,9.558333333,?,462671.4286,-38,0
2005/6/1,277,31427,37770.83333,9.558333333,?,462671.4286,37,1
2005/7/1,278,31267,37770.83333,9.558333333,?,462671.4286,1,1
2005/8/1,276,31433,37770.83333,9.558333333,?,462671.4286,-2,0
2005/9/1,279,31715,37770.83333,9.558333333,?,462671.4286,3,1
2005/10/1,277,31800,37770.83333,9.558333333,?,462671.4286,-2,0
2005/11/1,284,31253,37770.83333,9.558333333,?,462671.4286,7,1
2005/12/1,280,31032,37770.83333,9.558333333,?,462671.4286,-4,0
2006/1/1,293,31119,38858.33333,9.3,?,466300,13,1
2006/2/1,319,31299,38858.33333,9.3,?,466300,26,1
2006/3/1,306,31491,38858.33333,9.3,?,466300,-13,0
2006/4/1,298,31735,38858.33333,9.3,?,466300,-8,0
2006/5/1,294,31792,38858.33333,9.3,?,466300,-4,0
2006/6/1,245,32733,38858.33333,9.3,?,466300,-49,0
2006/7/1,290,32706,38858.33333,9.3,?,466300,45,1
2006/8/1,295,32949,38858.33333,9.3,?,466300,5,1
2006/9/1,305,32632,38858.33333,9.3,?,466300,10,1
2006/10/1,296,32578,38858.33333,9.3,?,466300,-9,0
2006/11/1,303,32671,38858.33333,9.3,?,466300,7,1
2006/12/1,307,31698,38858.33333,9.3,?,466300,4,1
2007/1/1,312,32073,39108.33333,11.44166667,?,469300,5,1
2007/2/1,344,31877,39108.33333,11.44166667,?,469300,32,1
2007/3/1,340,31920,39108.33333,11.44166667,?,469300,-4,0
2007/4/1,319,32057,39108.33333,11.44166667,?,469300,-21,0
2007/5/1,314,32200,39108.33333,11.44166667,?,469300,-5,0
2007/6/1,324,32252,39108.33333,11.44166667,?,469300,10,1
2007/7/1,317,33033,39108.33333,11.44166667,?,469300,-7,0
2007/8/1,294,33540,39108.33333,11.44166667,?,469300,-23,0
2007/9/1,317,33548,39108.33333,11.44166667,?,469300,23,1
2007/10/1,321,33682,39108.33333,11.44166667,?,469300,4,1
2007/11/1,338,33679,39108.33333,11.44166667,?,469300,17,1
2007/12/1,338,33601,39108.33333,11.44166667,?,469300,0,0
2008/1/1,341,33399,39316.66667,11.08333333,?,471800,3,1
2008/2/1,375,33153,39316.66667,11.08333333,?,471800,34,1
2008/3/1,364,33588,39316.66667,11.08333333,?,471800,-11,0
2008/4/1,350,34123,39316.66667,11.08333333,?,471800,-14,0
2008/5/1,295,34680,39316.66667,11.08333333,?,471800,-55,0
2008/6/1,344,35067,39316.66667,11.08333333,?,471800,49,1
2008/7/1,350,35143,39316.66667,11.08333333,?,471800,6,1
2008/8/1,339,35227,39316.66667,11.08333333,?,471800,-11,0
2008/9/1,336,35544,39316.66667,11.08333333,?,471800,-3,0
2008/10/1,339,35681,39316.66667,11.08333333,?,471800,3,1
2008/11/1,347,35660,39316.66667,11.08333333,?,471800,8,1
2008/12/1,354,35542,39316.66667,11.08333333,?,471800,7,1
2009/1/1,346,35379,39633.33333,10.10833333,?,475600,-8,0
2009/2/1,364,35256,39633.33333,10.10833333,?,475600,18,1
2009/3/1,362,36278,39633.33333,10.10833333,?,475600,-2,0
2009/4/1,353,36454,39633.33333,10.10833333,?,475600,-9,0
2009/5/1,367,37214,39633.33333,10.10833333,?,475600,14,1
2009/6/1,347,37382,39633.33333,10.10833333,?,475600,-20,0
2009/7/1,343,37440,39633.33333,10.10833333,?,475600,-4,0
2009/8/1,335,37768,39633.33333,10.10833333,?,475600,-8,0
2009/9/1,351,37645,39633.33333,10.10833333,?,475600,16,1
2009/10/1,345,37725,39633.33333,10.10833333,?,475600,-6,0
2009/11/1,348,37318,39633.33333,10.10833333,?,475600,3,1
2009/12/1,361,37004,39633.33333,10.10833333,?,475600,13,1
2010/1/1,363,36866,39950,12.21666667,?,479400,2,1
2010/2/1,396,36301,39950,12.21666667,?,479400,33,1
2010/3/1,362,37733,39950,12.21666667,?,479400,-34,0
2010/4/1,375,37794,39950,12.21666667,?,479400,13,1
2010/5/1,366,37901,39950,12.21666667,?,479400,-9,0
2010/6/1,351,37977,39950,12.21666667,?,479400,-15,0
2010/7/1,350,38022,39950,12.21666667,?,479400,-1,0
2010/8/1,358,38419,39950,12.21666667,?,479400,8,1
2010/9/1,355,38754,39950,12.21666667,?,479400,-3,0
2010/10/1,348,38969,39950,12.21666667,?,479400,-7,0
2010/11/1,374,39097,39950,12.21666667,?,479400,26,1
2010/12/1,364,38641,39950,12.21666667,?,479400,-10,0
2011/1/1,371,38521,40283.33333,14.04166667,?,483400,7,1
2011/2/1,384,38520,40283.33333,14.04166667,?,483400,13,1
2011/3/1,393,39286,40283.33333,14.04166667,?,483400,9,1
2011/4/1,364,39424,40283.33333,14.04166667,?,483400,-29,0
2011/5/1,361,39910,40283.33333,14.04166667,?,483400,-3,0
2011/6/1,357,39990,40283.33333,14.04166667,?,483400,-4,0
2011/7/1,345,40101,40283.33333,14.04166667,?,483400,-12,0
2011/8/1,359,40697,40283.33333,14.04166667,?,483400,14,1
2011/9/1,361,40903,40283.33333,14.04166667,?,483400,2,1
2011/10/1,354,40967,40283.33333,14.04166667,?,483400,-7,0
2011/11/1,361,40909,40283.33333,14.04166667,?,483400,7,1
2011/12/1,373,40244,40283.33333,14.04166667,?,483400,12,1
2012/1/1,378,40131,40425,14.68333333,?,485100,5,1
2012/2/1,399,39755,40425,14.68333333,?,485100,21,1
2012/3/1,395,40394,40425,14.68333333,?,485100,-4,0
2012/4/1,383,41132,40425,14.68333333,?,485100,-12,0
2012/5/1,375,41231,40425,14.68333333,?,485100,-8,0
2012/6/1,359,41246,40425,14.68333333,?,485100,-16,0
2012/7/1,353,41737,40425,14.68333333,?,485100,-6,0
2012/8/1,361,42074,40425,14.68333333,?,485100,8,1
2012/9/1,350,42091,40425,14.68333333,?,485100,-11,0
2012/10/1,365,42219,40425,14.68333333,?,485100,15,1
2012/11/1,365,42275,40425,14.68333333,?,485100,0,0
2012/12/1,374,41556,40425,14.68333333,?,485100,9,1
2013/1/1,386,41731,40558.33333,15.875,?,486700,12,1
2013/2/1,398,41261,40558.33333,15.875,?,486700,12,1
2013/3/1,406,41098,40558.33333,15.875,?,486700,8,1
2013/4/1,393,41649,40558.33333,15.875,?,486700,-13,0
2013/5/1,382,42291,40558.33333,15.875,?,486700,-11,0
2013/6/1,374,42187,40558.33333,15.875,?,486700,-8,0
2013/7/1,366,42474,40558.33333,15.875,?,486700,-8,0
2013/8/1,371,42297,40558.33333,15.875,?,486700,5,1
2013/9/1,367,42411,40558.33333,15.875,?,486700,-4,0
2013/10/1,366,42504,40558.33333,15.875,?,486700,-1,0
2013/11/1,368,42653,40558.33333,15.875,?,486700,2,1
2013/12/1,377,42507,40558.33333,15.875,?,486700,9,1
2014/1/1,401,42254,40950,16.725,534748,491400,24,1
2014/2/1,422,41888,40950,16.725,534748,491400,21,1
2014/3/1,415,42225,40950,16.725,534748,491400,-7,0
2014/4/1,392,42345,40950,16.725,534748,491400,-23,0
2014/5/1,392,42657,40950,16.725,534748,491400,0,0
2014/6/1,384,42801,40950,16.725,534748,491400,-8,0
2014/7/1,371,43090,40950,16.725,534748,491400,-13,0
2014/8/1,375,43254,40950,16.725,534748,491400,4,1
2014/9/1,375,43633,40950,16.725,534748,491400,0,0
2014/10/1,377,43543,40950,16.725,534748,491400,2,1
2014/11/1,374,43647,40950,16.725,534748,491400,-3,0
2014/12/1,404,43279,40950,16.725,534748,491400,30,1
2015/1/1,406,43324,41408.33333,14.63333333,543754,496900,2,1
2015/2/1,420,42610,41408.33333,14.63333333,543754,496900,14,1
2015/3/1,438,43411,41408.33333,14.63333333,543754,496900,18,1
2015/4/1,410,43638,41408.33333,14.63333333,543754,496900,-28,0
2015/5/1,389,43884,41408.33333,14.63333333,543754,496900,-21,0
2015/6/1,405,44377,41408.33333,14.63333333,543754,496900,16,1
2015/7/1,384,44502,41408.33333,14.63333333,543754,496900,-21,0
2015/8/1,391,44679,41408.33333,14.63333333,543754,496900,7,1
2015/9/1,379,44670,41408.33333,14.63333333,543754,496900,-12,0
2015/10/1,376,44684,41408.33333,14.63333333,543754,496900,-3,0
2015/11/1,399,44709,41408.33333,14.63333333,543754,496900,23,1
2015/12/1,404,44354,41408.33333,14.63333333,543754,496900,5,1
2016/1/1,409,44278,42075,15.41666667,579857,504900,5,1
2016/2/1,450,43564,42075,15.41666667,579857,504900,41,1
2016/3/1,448,44284,42075,15.41666667,579857,504900,-2,0
2016/4/1,432,44532,42075,15.41666667,579857,504900,-16,0
2016/5/1,411,45227,42075,15.41666667,579857,504900,-21,0
2016/6/1,410,45211,42075,15.41666667,579857,504900,-1,0
2016/7/1,407,45348,42075,15.41666667,579857,504900,-3,0
2016/8/1,408,45560,42075,15.41666667,579857,504900,1,1
2016/9/1,396,46161,42075,15.41666667,579857,504900,-12,0
2016/10/1,405,46270,42075,15.41666667,579857,504900,9,1
2016/11/1,417,46275,42075,15.41666667,579857,504900,12,1
2016/12/1,454,45458,42075,15.41666667,579857,504900,37,1
2017/1/1,439,45209,42825,15.41666667,702081,513900,-15,0
2017/2/1,468,44652,42825,15.41666667,702081,513900,29,1
2017/3/1,470,45145,42825,15.41666667,702081,513900,2,1
2017/4/1,455,45331,42825,15.41666667,702081,513900,-15,0
2017/5/1,436,45818,42825,15.41666667,702081,513900,-19,0
2017/6/1,433,45890,42825,15.41666667,702081,513900,-3,0
2017/7/1,429,45688,42825,15.41666667,702081,513900,-4,0
2017/8/1,423,45807,42825,15.41666667,702081,513900,-6,0
2017/9/1,430,45912,42825,15.41666667,702081,513900,7,1
2017/10/1,431,46228,42825,15.41666667,702081,513900,1,1
2017/11/1,440,45929,42825,15.41666667,702081,513900,9,1
2017/12/1,482,45476,42825,15.41666667,702081,513900,42,1
2018/1/1,473,45630,42825,15.41666667,764560,,-9,0
2018/2/1,516,45175,42825,15.41666667,764560,,43,1
2018/3/1,503,45731,42825,15.41666667,764560,,-13,0
2018/4/1,481,45839,42825,15.41666667,764560,,-22,0
2018/5/1,455,45760,42825,15.41666667,764560,,-26,0
2018/6/1,458,45976,42825,15.41666667,764560,,3,1
2018/7/1,453,46115,42825,15.41666667,764560,,-5,0
,,,,,,,,
